557.581594 377.123060
596.883351 305.972428
339.000000 181.500000
486.951890 88.248568
436.941458 183.638590
176.890511 375.183212
541.834442 191.260902
250.842576 442.881336
661.986964 124.600232
513.848797 313.133162
736.688083 368.711706
442.900130 117.744488
251.126476 304.226286
265.217424 366.493939
537.284156 438.005218
446.840998 422.980514
537.234637 123.821229
713.047970 198.311808
357.496016 332.318227
338.500000 241.000000
446.868387 322.374194
348.173477 422.648419
607.945320 197.806302
541.939153 240.523810
339.229545 121.006818
607.973684 240.565789
650.031390 83.721973
445.583851 376.189441
338.692124 91.424821
436.973684 240.565789
712.935574 241.025210
346.555556 376.806763
